1500	2.37545
1700.05	2.35352
1800.08	2.34174
1900.1	2.32974
1999.94	2.31723
2099.96	2.30427
2199.99	2.29099
2300.01	2.27727
2400.04	2.2634
2500.06	2.24906
2600.09	2.23435
2700.11	2.21947
2799.95	2.2043
2899.98	2.18897
3000	2.17339
3200.05	2.14184
3300.08	2.12571
3400.1	2.10944
3499.94	2.09311
3599.97	2.07677
3699.99	2.06017
3800.02	2.04352
3900.04	2.02686
4000.07	2.01023
4100.09	1.9935
4299.95	1.95984
4399.98	1.94304
4500	1.92631
4600.03	1.90956
4700.05	1.89287
4800.08	1.8762
4900.1	1.85955
5099.97	1.8265
5199.99	1.81007
5300.02	1.79365
5400.04	1.77741
5500.07	1.76122
5600.09	1.74521
5700.12	1.72922
5899.98	1.69745
6000	1.68178
6100.03	1.66626
6300.08	1.63546
6400.1	1.62026
6500.13	1.60517
6599.97	1.59019
6800.02	1.56057
6900.04	1.54601
7000.07	1.53165
7100.09	1.51733
7200.12	1.50313
7300.14	1.48908
7399.98	1.47514
7600.03	1.44776
7700.06	1.43423
7800.08	1.42081
7900.11	1.40761
8000.13	1.39446
8100.16	1.38157
8199.99	1.36868
8300.02	1.35598
8400.04	1.3434
8500.07	1.33099
8700.12	1.30652
8800.14	1.29439
8900.17	1.28243
9000.01	1.27074
9100.03	1.25904
9200.06	1.24752
9300.08	1.23607
9400.11	1.22481
9500.13	1.21367
9600.16	1.20262
9800.02	1.18081
9900.05	1.17019
10000.1	1.15962
10100.1	1.14917
10200.1	1.13878
10300.1	1.12858
10400.2	1.11845
10600	1.09857
10700.1	1.08881
10800.1	1.07923
11000.1	1.06013
11100.2	1.05082
11200.2	1.04161
11300	1.03247
11400	1.02348
11500.1	1.01456
11600.1	1.00575
11800.1	0.988367
11900.2	0.979837
12000.2	0.971396
12100	0.963078
12200.1	0.954799
12300.1	0.946655
12400.1	0.938568
12600.2	0.922635
12700.2	0.914825
12800	0.90711
12900	0.89945
13000.1	0.891875
13100.1	0.884448
13200.1	0.877
13300.1	0.869719
13400.2	0.862483
13500.2	0.855298
13700.1	0.841139
13800.1	0.834283
13900.1	0.827418
14000.1	0.820641
14100.2	0.81392
14200.2	0.807342
14300.2	0.800753
14500.1	0.787871
14600.1	0.781533
14700.1	0.775208
14800.1	0.769006
14900.2	0.762838
15000.2	0.75676
15100.2	0.750754
15200.1	0.744808
15300.1	0.738908
15400.1	0.73305
15500.1	0.727262
15600.2	0.721564
15700.2	0.715902
15800.2	0.710347
16000.1	0.699311
16100.1	0.693928
16200.1	0.688537
16300.1	0.683246
16400.2	0.678024
16500.2	0.672808
16600.2	0.667645
16800.1	0.657501
16900.1	0.652504
17000.1	0.647586
17200.2	0.637833
17300.2	0.63302
17400.2	0.6283
17500.1	0.623631
17700.1	0.614331
17800.2	0.609803
17900.2	0.605285
18000.2	0.600821
18100.2	0.596392
18200.3	0.592045
18300.1	0.587721
18500.1	0.5792
18600.2	0.575008
18700.2	0.57084
18800.2	0.566691
18900.2	0.562653
19000.1	0.558569
19100.1	0.554597
19200.1	0.550656
19300.2	0.546714
19400.2	0.542826
19500.2	0.538997
19600.2	0.535159
19700.3	0.531418
19800.1	0.527678
19900.1	0.523982
20000.1	0.520308
20100.2	0.516673
20200.2	0.513099
20300.2	0.509511
20400.2	0.505977
20500.3	0.50251
20600.1	0.499062
20700.1	0.495624
20800.2	0.492221
21000.2	0.485498
21100.2	0.482207
21200.3	0.478945
21300.3	0.475705
21400.1	0.472515
21500.1	0.469362
21600.2	0.466194
21800.2	0.459949
21900.2	0.456881
22000.3	0.453848
22100.1	0.450849
22200.1	0.447893
22300.2	0.444929
22400.2	0.442017
22600.2	0.436203
22700.3	0.433368
22800.3	0.43056
22900.1	0.427767
23000.1	0.424992
23100.2	0.422224
23200.2	0.419517
23300.2	0.416815
23400.2	0.414153
23500.3	0.411507
23700.1	0.406257
23800.2	0.40365
23900.2	0.401117
24100.2	0.396048
24200.3	0.393559
24300.3	0.391076
24400.3	0.388628
24500.1	0.386227
24600.2	0.383808
24700.2	0.381417
24900.2	0.37669
25000.3	0.374347
25100.3	0.372046
25200.1	0.369756
25300.2	0.367493
25400.2	0.365254
25500.2	0.363013
25700.3	0.358589
25800.3	0.356426
25900.3	0.354276
26000.1	0.35214
26100.2	0.350005
26200.2	0.347916
26300.2	0.345852
26400.2	0.343776
26500.3	0.341718
26600.3	0.339704
26700.3	0.337695
26800.2	0.335696
26900.2	0.333705
27000.2	0.331732
27100.2	0.32979
27200.3	0.327841
27300.3	0.325943
27500.3	0.32215
27600.2	0.320278
27700.2	0.318433
27800.2	0.316601
27900.2	0.314785
28000.3	0.31297
28100.3	0.311172
28300.2	0.307614
28400.2	0.305866
28500.2	0.30414
28600.2	0.302416
28700.3	0.300695
28800.3	0.29902
28900.3	0.297323
29100.2	0.294002
29200.2	0.292352
29300.2	0.29072
29400.2	0.289098
29500.3	0.287488
29600.3	0.285896
29700.3	0.284322
29800.3	0.28274
29900.2	0.28118
30000.2	0.279631
30200.3	0.276557
30300.3	0.275039
30400.3	0.273529
30500.3	0.272039
30600.2	0.270565
30700.2	0.269098
30800.2	0.267657
31000.3	0.264772
31100.3	0.263341
31200.3	0.261944
31300.3	0.260541
31400.2	0.259144
31500.2	0.257757
31600.2	0.256401
31700.3	0.255044
31800.3	0.253707
31900.3	0.252388
32100.4	0.249709
32200.2	0.24841
32300.2	0.247095
32400.2	0.245801
32500.3	0.24452
32600.3	0.243247
32700.3	0.241991
32900.4	0.239489
33000.2	0.238241
33100.2	0.237013
33300.3	0.234586
33400.3	0.233386
33500.3	0.232196
33600.4	0.231015
33700.2	0.229855
33800.2	0.228691
33900.3	0.227529
34000.3	0.226374
34100.3	0.225242
34200.3	0.224103
34300.4	0.222977
34400.4	0.221868
34500.2	0.220762
34600.2	0.21966
34700.3	0.218569
34800.3	0.217467
34900.3	0.216396
35100.4	0.214255
35200.4	0.213199
35300.2	0.212161
35500.3	0.210081
35600.3	0.209063
35700.3	0.208037
35800.4	0.20702
35900.4	0.206014
36000.4	0.205014
36100.2	0.204021
36300.3	0.202059
36400.3	0.201104
36500.3	0.200143
36600.4	0.199176
36700.4	0.198235
36800.2	0.197289
36900.3	0.196341
37000.3	0.195404
37100.3	0.194477
37200.3	0.193576
37400.4	0.191745
37500.4	0.190849
37600.2	0.189952
37700.3	0.189056
37800.3	0.188162
37900.3	0.187296
38000.3	0.186416
38200.4	0.184681
38300.4	0.183821
38400.3	0.182972
38600.3	0.181284
38700.3	0.180465
38800.4	0.179639
38900.4	0.178794
39000.4	0.177982
39100.4	0.177165
39200.3	0.176357