1500	0.740302
1700.05	0.830583
1800.08	0.874714
1900.1	0.918204
1999.94	0.960911
2099.96	1.00299
2199.99	1.04436
2300.02	1.08494
2400.04	1.12487
2500.07	1.16393
2600.09	1.20217
2700.12	1.23972
2799.95	1.27632
2899.98	1.31229
3000	1.34745
3200.05	1.41551
3300.08	1.44827
3400.1	1.48027
3499.94	1.51146
3599.97	1.542
3699.99	1.57168
3800.01	1.60057
3900.04	1.62882
4000.07	1.65636
4100.09	1.68308
4299.95	1.73422
4399.98	1.75879
4500	1.7827
4600.03	1.8059
4700.05	1.82845
4800.08	1.85036
4900.1	1.87153
5099.97	1.91205
5199.99	1.9314
5300.02	1.95004
5400.04	1.9682
5500.07	1.98574
5600.09	2.00286
5700.12	2.01931
5899.98	2.05045
6000	2.0653
6100.03	2.07968
6300.08	2.10686
6400.1	2.11976
6500.13	2.1322
6599.97	2.14401
6800.02	2.16655
6900.04	2.17719
7000.07	2.18754
7100.09	2.19741
7200.12	2.2068
7300.14	2.2159
7399.98	2.22445
7600.03	2.24091
7700.05	2.24847
7800.08	2.25566
7900.11	2.26265
8000.13	2.26917
8100.16	2.27563
8199.99	2.28146
8300.02	2.28719
8400.04	2.29258
8500.07	2.29772
8700.12	2.30719
8800.14	2.31136
8900.17	2.31531
9000.01	2.31925
9100.03	2.32274
9200.06	2.32605
9300.08	2.32908
9400.11	2.33197
9500.13	2.33464
9600.16	2.33705
9800.02	2.34112
9900.04	2.34302
10000.1	2.3445
10100.1	2.3461
10200.1	2.34722
10300.1	2.34831
10400.2	2.34914
10600	2.35043
10700.1	2.3509
10800.1	2.35119
11000.1	2.35111
11100.2	2.3509
11200.2	2.35056
11300	2.3501
11400	2.34945
11500.1	2.34869
11600.1	2.34782
11800.1	2.34569
11900.2	2.34448
12000.2	2.34315
12100	2.3417
12200.1	2.34008
12300.1	2.33851
12400.1	2.33667
12600.2	2.33275
12700.2	2.33066
12800	2.32852
12900	2.32626
13000.1	2.32387
13100.1	2.32157
13200.1	2.31895
13300.1	2.31643
13400.2	2.31377
13500.2	2.31097
13700.1	2.30507
13800.1	2.30231
13900.1	2.29927
14000.1	2.29617
14100.2	2.29298
14200.2	2.28991
14300.2	2.28659
14500.1	2.28001
14600.1	2.27664
14700.1	2.27299
14800.1	2.26948
14900.2	2.26586
15000.2	2.26236
15100.2	2.25865
15200.1	2.25489
15300.1	2.2511
15400.1	2.2472
15500.1	2.24328
15600.2	2.23944
15700.2	2.23544
15800.2	2.23161
16000.1	2.22351
16100.1	2.21951
16200.1	2.21529
16300.1	2.2112
16400.2	2.20714
16500.2	2.20291
16600.2	2.19863
16800.1	2.1901
16900.1	2.18576
17000.1	2.18149
17200.2	2.17283
17300.2	2.16836
17400.2	2.164
17500.1	2.15968
17700.1	2.15061
17800.2	2.14627
17900.2	2.14174
18000.2	2.13721
18100.2	2.13264
18200.3	2.12816
18300.1	2.12356
18500.1	2.11451
18600.2	2.1099
18700.2	2.10524
18800.2	2.10058
18900.2	2.09605
19000.1	2.09127
19100.1	2.08678
19200.1	2.08219
19300.2	2.07746
19400.2	2.07276
19500.2	2.06815
19600.2	2.06338
19700.3	2.0588
19800.1	2.05412
19900.1	2.04947
20000.1	2.04482
20100.2	2.04009
20200.2	2.03543
20300.2	2.03061
20400.2	2.02592
20500.3	2.02124
20600.1	2.01658
20700.1	2.01183
20800.2	2.00717
21000.2	1.99763
21100.2	1.99303
21200.3	1.98839
21300.3	1.98361
21400.1	1.97895
21500.1	1.97433
21600.2	1.96958
21800.2	1.96017
21900.2	1.95547
22000.3	1.95079
22100.1	1.94614
22200.1	1.94156
22300.2	1.93687
22400.2	1.93227
22600.2	1.92281
22700.3	1.91827
22800.3	1.91365
22900.1	1.90904
23000.1	1.90439
23100.2	1.8997
23200.2	1.89513
23300.2	1.89045
23400.2	1.88594
23500.3	1.88139
23700.1	1.87217
23800.2	1.86744
23900.2	1.86302
24100.2	1.85385
24200.3	1.84932
24300.3	1.84466
24400.3	1.84017
24500.1	1.83575
24600.2	1.83118
24700.2	1.82669
24900.2	1.8177
25000.3	1.81313
25100.3	1.80868
25200.1	1.80417
25300.2	1.79978
25400.2	1.79537
25500.2	1.79084
25700.3	1.78202
25800.3	1.77764
25900.3	1.77323
26000.1	1.76883
26100.2	1.76443
26200.2	1.76008
26300.2	1.75581
26400.2	1.75137
26500.3	1.74704
26600.3	1.74277
26700.3	1.73853
26800.2	1.73418
26900.2	1.72986
27000.2	1.72556
27100.2	1.72133
27200.3	1.71698
27300.3	1.71278
27500.3	1.70428
27600.2	1.70011
27700.2	1.6959
27800.2	1.69175
27900.2	1.68758
28000.3	1.68328
28100.3	1.67919
28300.2	1.67093
28400.2	1.66684
28500.2	1.6628
28600.2	1.65866
28700.3	1.65453
28800.3	1.6505
28900.3	1.64643
29100.2	1.63832
29200.2	1.63426
29300.2	1.63023
29400.2	1.62621
29500.3	1.62219
29600.3	1.61822
29700.3	1.61425
29800.3	1.61024
29900.2	1.60629
30000.2	1.60229
30200.3	1.59443
30300.3	1.59048
30400.3	1.58654
30500.3	1.58271
30600.2	1.57884
30700.2	1.57495
30800.2	1.57112
31000.3	1.56348
31100.3	1.55956
31200.3	1.55585
31300.3	1.55201
31400.2	1.54821
31500.2	1.5444
31600.2	1.5407
31700.3	1.53691
31800.3	1.53322
31900.3	1.52955
32100.4	1.52206
32200.2	1.51843
32300.2	1.51467
32400.2	1.51103
32500.3	1.50735
32600.3	1.50368
32700.3	1.50002
32900.4	1.49275
33000.2	1.48912
33100.2	1.48554
33300.3	1.4784
33400.3	1.47482
33500.3	1.47124
33600.4	1.46766
33700.2	1.46426
33800.2	1.46069
33900.3	1.45716
34000.3	1.45365
34100.3	1.45018
34200.3	1.44669
34300.4	1.44323
34400.4	1.43983
34500.2	1.43636
34600.2	1.43291
34700.3	1.4295
34800.3	1.42603
34900.3	1.42272
35100.4	1.41594
35200.4	1.41254
35300.2	1.40919
35500.3	1.4025
35600.3	1.39916
35700.3	1.3958
35800.4	1.39245
35900.4	1.38919
36000.4	1.3859
36100.2	1.38261
36300.3	1.37609
36400.3	1.37288
36500.3	1.3697
36600.4	1.36638
36700.4	1.36325
36800.2	1.36001
36900.3	1.35677
37000.3	1.35355
37100.3	1.35044
37200.3	1.34728
37400.4	1.34099
37500.4	1.33791
37600.2	1.33474
37700.3	1.3316
37800.3	1.32842
37900.3	1.32539
38000.3	1.32227
38200.4	1.31613
38300.4	1.31302
38400.3	1.30995
38600.3	1.30391
38700.3	1.30098
38800.4	1.29794
38900.4	1.29483
39000.4	1.29188
39100.4	1.28885
39200.3	1.28592