1500	2.4993
1700.05	2.49714
1800.08	2.49586
1900.1	2.49468
1999.94	2.49347
2099.96	2.49212
2199.99	2.49081
2300.01	2.48939
2400.04	2.48816
2500.06	2.48682
2600.09	2.48518
2700.11	2.48374
2799.95	2.48229
2899.98	2.48088
3000	2.47945
3200.05	2.47662
3300.08	2.47503
3400.1	2.47355
3499.94	2.472
3599.97	2.47078
3699.99	2.46928
3800.02	2.46782
3900.04	2.46639
4000.07	2.4652
4100.09	2.46371
4299.95	2.46086
4399.98	2.45942
4500	2.4582
4600.03	2.4569
4700.05	2.45559
4800.08	2.45444
4900.1	2.45306
5099.97	2.45069
5199.99	2.44954
5300.02	2.44835
5400.04	2.44733
5500.07	2.44617
5600.09	2.44522
5700.12	2.44415
5899.98	2.44197
6000	2.44104
6100.03	2.44005
6300.08	2.43836
6400.11	2.43753
6500.13	2.4366
6599.97	2.43574
6800.02	2.43408
6900.04	2.43334
7000.07	2.43272
7100.09	2.43207
7200.12	2.43133
7300.14	2.43068
7399.98	2.43
7600.03	2.42875
7700.06	2.42822
7800.08	2.42761
7900.11	2.42723
8000.13	2.42656
8100.16	2.42625
8199.99	2.42564
8300.02	2.42519
8400.04	2.42474
8500.07	2.42438
8700.12	2.42372
8800.14	2.4232
8900.17	2.42272
9000.01	2.42253
9100.03	2.42224
9200.06	2.42192
9300.08	2.42158
9400.11	2.42135
9500.13	2.42115
9600.16	2.42095
9800.02	2.42044
9900.04	2.42032
10000.1	2.4202
10100.1	2.41997
10200.1	2.41977
10300.1	2.41963
10400.2	2.41951
10600	2.41938
10700.1	2.41923
10800.1	2.41937
11000.1	2.41911
11100.2	2.4192
11200.2	2.41913
11300	2.41906
11400	2.41912
11500.1	2.41905
11600.1	2.41911
11800.1	2.41914
11900.2	2.41916
12000.2	2.41929
12100	2.41943
12200.1	2.41941
12300.1	2.41957
12400.1	2.41958
12600.2	2.41976
12700.2	2.4198
12800	2.41993
12900	2.42005
13000.1	2.42012
13100.1	2.42037
13200.1	2.42041
13300.1	2.4206
13400.2	2.42068
13500.2	2.42079
13700.1	2.42089
13800.1	2.42125
13900.1	2.42136
14000.1	2.42161
14100.2	2.42167
14200.2	2.42203
14300.2	2.42215
14500.1	2.42273
14600.1	2.423
14700.1	2.42301
14800.1	2.42319
14900.2	2.42344
15000.2	2.42368
15100.2	2.42391
15200.1	2.4241
15300.1	2.42429
15400.1	2.42442
15500.1	2.42464
15600.2	2.42491
15700.2	2.42509
15800.2	2.42537
16000.1	2.42575
16100.1	2.4261
16200.1	2.42623
16300.1	2.42647
16400.2	2.42684
16500.2	2.42706
16600.2	2.42726
16800.1	2.42772
16900.1	2.42796
17000.1	2.42827
17200.2	2.42881
17300.2	2.42896
17400.2	2.42922
17500.1	2.4296
17700.1	2.43
17800.2	2.43041
17900.2	2.43063
18000.2	2.43089
18100.2	2.43106
18200.3	2.43141
18300.1	2.43161
18500.1	2.4322
18600.2	2.43254
18700.2	2.43269
18800.2	2.43286
18900.2	2.43322
19000.1	2.43331
19100.1	2.43373
19200.1	2.43408
19300.2	2.43418
19400.2	2.43442
19500.2	2.43482
19600.2	2.43496
19700.3	2.43537
19800.1	2.43559
19900.1	2.43592
20000.1	2.43613
20100.2	2.43641
20200.2	2.43666
20300.2	2.43675
20400.2	2.43702
20500.3	2.43744
20600.1	2.43766
20700.1	2.43786
20800.2	2.43814
21000.2	2.43853
21100.2	2.4389
21200.3	2.43917
21300.3	2.43939
21400.1	2.43965
21500.1	2.44001
21600.2	2.4402
21800.2	2.44066
21900.2	2.44088
22000.3	2.44118
22100.1	2.44146
22200.1	2.44183
22300.2	2.44199
22400.2	2.44228
22600.2	2.44274
22700.3	2.44307
22800.3	2.44339
22900.1	2.4436
23000.1	2.44392
23100.2	2.44398
23200.2	2.44428
23300.2	2.44447
23400.2	2.4448
23500.3	2.44514
23700.1	2.44556
23800.2	2.44563
23900.2	2.44598
24100.2	2.44645
24200.3	2.44665
24300.3	2.4468
24400.3	2.44704
24500.1	2.44745
24600.2	2.44764
24700.2	2.4479
24900.2	2.44831
25000.3	2.44825
25100.3	2.4486
25200.1	2.44886
25300.2	2.44907
25400.2	2.44933
25500.2	2.44949
25700.3	2.44992
25800.3	2.45018
25900.3	2.45044
26000.1	2.4506
26100.2	2.45078
26200.2	2.45102
26300.2	2.45128
26400.2	2.45141
26500.3	2.45162
26600.3	2.45196
26700.3	2.45225
26800.2	2.4523
26900.2	2.45248
27000.2	2.4527
27100.2	2.45299
27200.3	2.45307
27300.3	2.45344
27500.3	2.45375
27600.2	2.45398
27700.2	2.45417
27800.2	2.45437
27900.2	2.45469
28000.3	2.45472
28100.3	2.45495
28300.2	2.45546
28400.2	2.45568
28500.2	2.45594
28600.2	2.45607
28700.3	2.4562
28800.3	2.45654
28900.3	2.45668
29100.2	2.4571
29200.2	2.45722
29300.2	2.45734
29400.2	2.45754
29500.3	2.45773
29600.3	2.4579
29700.3	2.45815
29800.3	2.45829
29900.2	2.45842
30000.2	2.45858
30200.3	2.45893
30300.3	2.459
30400.3	2.45914
30500.3	2.45938
30600.2	2.45958
30700.2	2.45974
30800.2	2.46001
31000.3	2.46037
31100.3	2.4604
31200.3	2.46075
31300.3	2.46081
31400.2	2.46099
31500.2	2.46113
31600.2	2.46131
31700.3	2.46147
31800.3	2.46174
31900.3	2.46199
32100.4	2.46217
32200.2	2.4625
32300.2	2.46254
32400.3	2.46269
32500.3	2.46273
32600.3	2.46299
32700.3	2.46309
32900.4	2.46342
33000.2	2.46352
33100.2	2.46362
33300.3	2.4641
33400.3	2.4642
33500.3	2.4643
33600.4	2.46445
33700.2	2.46469
33800.2	2.46487
33900.3	2.46489
34000.3	2.46495
34100.3	2.46519
34200.3	2.46535
34300.4	2.46544
34400.4	2.46571
34500.2	2.46586
34600.2	2.46596
34700.3	2.46606
34800.3	2.46621
34900.3	2.46649
35100.4	2.46663
35200.4	2.4668
35300.2	2.46698
35500.3	2.46723
35600.3	2.46737
35700.3	2.46741
35800.4	2.46754
35900.4	2.46768
36000.4	2.46778
36100.2	2.46793
36300.3	2.46818
36400.3	2.46849
36500.3	2.46862
36600.4	2.46868
36700.4	2.46875
36800.2	2.46897
36900.3	2.46895
37000.3	2.46907
37100.3	2.4692
37200.3	2.46942
37400.4	2.46966
37500.4	2.46984
37600.2	2.46997
37700.3	2.46993
37800.3	2.47004
37900.3	2.47024
38000.3	2.47029
38200.4	2.47062
38300.4	2.47063
38400.3	2.4707
38600.3	2.47102
38700.3	2.47128
38800.4	2.47139
38900.4	2.47133
39000.4	2.47145
39100.4	2.47151
39200.3	2.4718