1499.88	0.0140234
1700.17	0.0199076
1800.06	0.0254592
1900.1	0.0319801
1999.96	0.039067
2099.98	0.0467565
2199.96	0.0548422
2300.03	0.0632703
2400.06	0.0719724
2500.11	0.0809356
2600.08	0.0903856
2700.11	0.0999336
2799.95	0.109755
2899.98	0.119885
3000.01	0.130218
3200.05	0.151423
3300.07	0.162304
3400.11	0.173391
3499.94	0.184599
3599.97	0.195977
3700.01	0.207494
3800.02	0.219185
3900.05	0.230931
4000.07	0.24283
4100.09	0.254887
4299.96	0.279158
4399.98	0.291478
4500.01	0.303885
4600.02	0.3163
4700.06	0.328841
4800.09	0.341425
4900.1	0.354041
5099.97	0.379423
5199.99	0.392146
5300.01	0.404871
5400.04	0.417698
5500.07	0.430459
5600.09	0.44336
5700.12	0.456192
5899.98	0.481838
6000.01	0.494628
6100.03	0.507521
6300.08	0.533118
6400.1	0.545897
6500.12	0.558693
6599.97	0.571401
6800.02	0.596792
6900.04	0.60946
7000.07	0.622076
7100.09	0.63471
7200.12	0.647226
7300.15	0.659768
7399.98	0.672188
7600.03	0.697026
7700.05	0.70937
7800.08	0.721581
7900.11	0.733853
8000.13	0.746056
8100.15	0.75816
8199.99	0.770207
8300.02	0.782199
8400.04	0.794145
8500.07	0.806069
8700.12	0.829722
8800.14	0.841402
8900.17	0.853012
9000.01	0.864598
9100.03	0.876153
9200.06	0.88763
9300.08	0.899024
9400.11	0.910372
9500.13	0.921647
9600.16	0.932884
9800.02	0.955033
9900.04	0.966086
10000.1	0.977087
10100.1	0.987908
10200.1	0.998686
10300.1	1.00941
10400.2	1.02006
10600	1.04124
10700.1	1.05168
10800.1	1.06215
11000.1	1.08268
11100.2	1.09289
11200.2	1.10304
11300	1.11301
11400	1.12305
11500.1	1.13293
11600.1	1.14276
11800.1	1.16226
11900.2	1.17188
12000.2	1.18141
12100	1.19093
12200.1	1.20038
12300.1	1.20973
12400.1	1.21899
12600.2	1.23736
12700.2	1.24643
12800	1.25543
12900	1.26437
13000.1	1.27327
13100.1	1.28219
13200.1	1.29084
13300.1	1.29958
13400.2	1.3082
13500.2	1.3167
13700.1	1.33345
13800.1	1.34195
13900.1	1.35019
14000.1	1.35848
14100.2	1.36662
14200.2	1.3748
14300.2	1.38285
14500.1	1.39873
14600.1	1.40668
14700.1	1.4144
14800.1	1.42213
14900.2	1.4298
15000.2	1.43744
15100.2	1.44501
15200.1	1.45247
15300.1	1.45986
15400.1	1.46724
15500.1	1.47449
15600.2	1.4818
15700.2	1.48903
15800.2	1.49618
16000.1	1.51024
16100.1	1.51731
16200.1	1.52418
16300.2	1.53107
16400.2	1.53794
16500.2	1.54468
16600.2	1.55136
16800.1	1.56457
16900.1	1.5711
17000.1	1.57766
17200.2	1.59045
17300.2	1.59675
17400.2	1.60303
17500.1	1.6094
17700.1	1.62155
17800.2	1.62773
17900.2	1.63374
18000.2	1.63972
18100.2	1.64563
18200.3	1.65158
18300.1	1.65741
18500.1	1.66898
18600.2	1.67467
18700.2	1.68029
18800.2	1.68585
18900.2	1.69151
19000.1	1.69691
19100.1	1.70251
19200.1	1.70794
19300.2	1.71328
19400.2	1.71859
19500.2	1.72398
19600.2	1.72916
19700.3	1.7344
19800.1	1.73959
19900.1	1.74471
20000.1	1.74991
20100.2	1.75483
20200.2	1.75991
20300.2	1.76481
20400.2	1.7697
20500.3	1.77466
20600.1	1.77948
20700.1	1.7843
20800.2	1.78909
21000.2	1.79841
21100.2	1.80314
21200.3	1.80777
21300.3	1.81237
21400.1	1.81691
21500.1	1.82149
21600.2	1.82588
21800.2	1.83472
21900.2	1.8391
22000.3	1.84342
22100.1	1.84777
22200.1	1.8521
22300.2	1.85628
22400.2	1.8605
22600.2	1.86872
22700.3	1.8729
22800.3	1.87705
22900.1	1.88106
23000.1	1.88503
23100.2	1.8889
23200.2	1.89291
23300.2	1.89679
23400.2	1.9007
23500.3	1.90462
23700.1	1.91216
23800.2	1.91581
23900.2	1.91966
24100.2	1.92699
24200.3	1.93063
24300.3	1.93413
24400.3	1.93775
24500.1	1.94142
24600.2	1.94485
24700.2	1.94837
24900.2	1.9553
25000.3	1.95859
25100.3	1.96198
25200.1	1.96529
25300.2	1.96871
25400.2	1.97204
25500.2	1.97526
25700.3	1.98173
25800.3	1.985
25900.3	1.98818
26000.1	1.99135
26100.2	1.99443
26200.2	1.99752
26300.2	2.00073
26400.2	2.00367
26500.3	2.00675
26600.3	2.00979
26700.3	2.01283
26800.2	2.01581
26900.2	2.01869
27000.2	2.02159
27100.2	2.02461
27200.3	2.02737
27300.3	2.03029
27500.3	2.03589
27600.2	2.03869
27700.2	2.04151
27800.2	2.04431
27900.2	2.04711
28000.3	2.0497
28100.3	2.05244
28300.2	2.0578
28400.2	2.06049
28500.2	2.06313
28600.2	2.06573
28700.3	2.06825
28800.3	2.07088
28900.3	2.07338
29100.2	2.07846
29200.2	2.08089
29300.2	2.08336
29400.2	2.0858
29500.3	2.08823
29600.3	2.09059
29700.3	2.09306
29800.3	2.09533
29900.2	2.09772
30000.2	2.0999
30200.3	2.10464
30300.3	2.10684
30400.3	2.10908
30500.3	2.11137
30600.2	2.1136
30700.2	2.1158
30800.2	2.11808
31000.3	2.12252
31100.3	2.12455
31200.3	2.12683
31300.3	2.12892
31400.2	2.13097
31500.2	2.13309
31600.2	2.1352
31700.3	2.13725
31800.3	2.13931
31900.3	2.14144
32100.4	2.14541
32200.2	2.1475
32300.2	2.14938
32400.3	2.15139
32500.3	2.15329
32600.3	2.15525
32700.3	2.15712
32900.4	2.16099
33000.2	2.16281
33100.2	2.16473
33300.3	2.16847
33400.3	2.17027
33500.3	2.17202
33600.4	2.17384
33700.2	2.17577
33800.2	2.17752
33900.3	2.17921
34000.3	2.1809
34100.3	2.18277
34200.3	2.18445
34300.4	2.18623
34400.4	2.18797
34500.2	2.18967
34600.2	2.19133
34700.3	2.19304
34800.3	2.19465
34900.3	2.19641
35100.4	2.19958
35200.4	2.20119
35300.2	2.20286
35500.3	2.20606
35600.3	2.2076
35700.3	2.20918
35800.4	2.21068
35900.4	2.21221
36000.4	2.21376
36100.2	2.2152
36300.3	2.21829
36400.3	2.21988
36500.3	2.22138
36600.4	2.22281
36700.4	2.2243
36800.2	2.22575
36900.3	2.2271
37000.3	2.22856
37100.3	2.22999
37200.3	2.23144
37400.4	2.23435
37500.4	2.23572
37600.2	2.23707
37700.3	2.2383
37800.3	2.23971
37900.3	2.24113
38000.3	2.24243
38200.4	2.24519
38300.4	2.24633
38400.3	2.24766
38600.3	2.25029
38700.3	2.25171
38800.4	2.25296
38900.4	2.25409
39000.4	2.25535
39100.4	2.25659
39200.3	2.25789