1500	1.01003
1700.05	0.9739
1800.08	0.962965
1900.1	0.946605
1999.94	0.931097
2099.96	0.917216
2199.99	0.899931
2300.01	0.882977
2400.04	0.873427
2500.06	0.85765
2600.09	0.848573
2700.11	0.824807
2799.95	0.816848
2899.98	0.801162
3000	0.79173
3200.05	0.761982
3300.08	0.749678
3400.1	0.739844
3499.94	0.724294
3599.97	0.712968
3699.99	0.702269
3800.02	0.68578
3900.04	0.676063
4000.07	0.665167
4100.09	0.655487
4299.95	0.632852
4399.98	0.620926
4500	0.605755
4600.03	0.60031
4700.05	0.586828
4800.08	0.580741
4900.1	0.5672
5099.97	0.545433
5199.99	0.53753
5300.02	0.524307
5400.04	0.521075
5500.07	0.508373
5600.09	0.501373
5700.12	0.489756
5899.98	0.47707
6000	0.459101
6100.03	0.453057
6300.08	0.435076
6400.1	0.425659
6500.13	0.416877
6599.97	0.416744
6800.02	0.394123
6900.04	0.389259
7000.07	0.375259
7100.09	0.367869
7200.12	0.367066
7300.14	0.350375
7399.98	0.341126
7600.03	0.335904
7700.06	0.31639
7800.08	0.316175
7900.11	0.311407
8000.13	0.301143
8100.16	0.295601
8199.99	0.287542
8300.02	0.277837
8400.04	0.271588
8500.07	0.275788
8700.12	0.259747
8800.14	0.243859
8900.17	0.242109
9000.01	0.235737
9100.03	0.228806
9200.06	0.21258
9300.08	0.20904
9400.11	0.206552
9500.13	0.192345
9600.16	0.195731
9800.02	0.183551
9900.05	0.172592
10000.1	0.173602
10100.1	0.159779
10200.1	0.159025
10300.1	0.149036
10400.2	0.145434
10600	0.123532
10700.1	0.127631
10800.1	0.120188
11000.1	0.109577
11100.2	0.101459
11200.2	0.098354
11300	0.0975335
11400	0.0911229
11500.1	0.0721591
11600.1	0.0727142
11800.1	0.0694056
11900.2	0.0500543
12000.2	0.0490986
12100	0.0389312
12200.1	0.038984
12300.1	0.0430418
12400.1	0.0350072
12600.2	0.0149259
12700.2	0.00980025
12800	0.013123
12900	0.0108473
13000.1	0.00543399
13100.1	-0.00922428
13200.1	-0.0180177
13300.1	-0.0151385
13400.2	-0.00958972
13500.2	-0.0181427
13700.1	-0.0222211
13800.1	-0.0383958
13900.1	-0.0483901
14000.1	-0.0583449
14100.2	-0.0462137
14200.2	-0.0525631
14300.2	-0.0524718
14500.1	-0.0679346
14600.1	-0.0752551
14700.1	-0.0813501
14800.1	-0.078361
14900.2	-0.0814989
15000.2	-0.0915377
15100.2	-0.0994204
15200.1	-0.095818
15300.1	-0.104753
15400.1	-0.107699
15500.1	-0.113848
15600.2	-0.115785
15700.2	-0.121119
15800.2	-0.123598
16000.1	-0.133195
16100.1	-0.138552
16200.1	-0.143289
16300.1	-0.146938
16400.2	-0.14849
16500.2	-0.150829
16600.2	-0.157855
16800.1	-0.165394
16900.1	-0.162837
17000.1	-0.162541
17200.2	-0.171673
17300.2	-0.176012
17400.2	-0.188373
17500.1	-0.179486
17700.1	-0.184933
17800.2	-0.196492
17900.2	-0.197336
18000.2	-0.193818
18100.2	-0.204169
18200.3	-0.210037
18300.1	-0.212776
18500.1	-0.218314
18600.2	-0.219662
18700.2	-0.219097
18800.2	-0.216313
18900.2	-0.237939
19000.1	-0.223744
19100.1	-0.240106
19200.1	-0.233977
19300.2	-0.239793
19400.2	-0.244362
19500.2	-0.241238
19600.2	-0.238956
19700.3	-0.243173
19800.1	-0.256438
19900.1	-0.253717
20000.1	-0.256651
20100.2	-0.264517
20200.2	-0.264925
20300.2	-0.262782
20400.2	-0.266482
20500.3	-0.265717
20600.1	-0.279351
20700.1	-0.274636
20800.2	-0.265433
21000.2	-0.274311
21100.2	-0.28503
21200.3	-0.272258
21300.3	-0.285087
21400.1	-0.301276
21500.1	-0.296021
21600.2	-0.295697
21800.2	-0.299829
21900.2	-0.294778
22000.3	-0.299894
22100.1	-0.298968
22200.1	-0.306824
22300.2	-0.308878
22400.2	-0.308083
22600.2	-0.311036
22700.3	-0.313989
22800.3	-0.316446
22900.1	-0.31977
23000.1	-0.319708
23100.2	-0.328149
23200.2	-0.323276
23300.2	-0.324866
23400.2	-0.328667
23500.3	-0.327794
23700.1	-0.329679
23800.2	-0.332706
23900.2	-0.331993
24100.2	-0.336917
24200.3	-0.336562
24300.3	-0.343191
24400.3	-0.351673
24500.1	-0.338266
24600.2	-0.341339
24700.2	-0.345355
24900.2	-0.346048
25000.3	-0.335934
25100.3	-0.350458
25200.1	-0.35504
25300.2	-0.353902
25400.2	-0.356205
25500.2	-0.354763
25700.3	-0.351554
25800.3	-0.356582
25900.3	-0.365331
26000.1	-0.369034
26100.2	-0.368328
26200.2	-0.35284
26300.2	-0.36646
26400.2	-0.366388
26500.3	-0.36454
26600.3	-0.369589
26700.3	-0.369325
26800.2	-0.368986
26900.2	-0.364713
27000.2	-0.368154
27100.2	-0.377761
27200.3	-0.377871
27300.3	-0.369681
27500.3	-0.371675
27600.2	-0.376477
27700.2	-0.370255
27800.2	-0.377644
27900.2	-0.383468
28000.3	-0.382394
28100.3	-0.371711
28300.2	-0.386821
28400.2	-0.378922
28500.2	-0.380767
28600.2	-0.383433
28700.3	-0.382954
28800.3	-0.381963
28900.3	-0.383523
29100.2	-0.384464
29200.2	-0.391602
29300.2	-0.387443
29400.2	-0.387525
29500.3	-0.390975
29600.3	-0.389271
29700.3	-0.392535
29800.3	-0.397107
29900.2	-0.392083
30000.2	-0.394022
30200.3	-0.390289
30300.3	-0.387286
30400.3	-0.3886
30500.3	-0.398207
30600.2	-0.392717
30700.2	-0.392971
30800.2	-0.394187
31000.3	-0.394537
31100.3	-0.389755
31200.3	-0.392364
31300.3	-0.401206
31400.2	-0.392672
31500.2	-0.396094
31600.2	-0.3885
31700.3	-0.396416
31800.3	-0.394031
31900.3	-0.393374
32100.4	-0.39418
32200.2	-0.393334
32300.2	-0.395183
32400.2	-0.393993
32500.3	-0.386545
32600.3	-0.401278
32700.3	-0.403069
32900.4	-0.399142
33000.2	-0.395725
33100.2	-0.398136
33300.3	-0.400163
33400.3	-0.390879
33500.3	-0.398896
33600.4	-0.395572
33700.2	-0.401934
33800.2	-0.403688
33900.3	-0.404826
34000.3	-0.387273
34100.3	-0.395116
34200.3	-0.391954
34300.4	-0.40225
34400.4	-0.40176
34500.2	-0.395692
34600.2	-0.39604
34700.3	-0.398243
34800.3	-0.390386
34900.3	-0.397773
35100.4	-0.391292
35200.4	-0.405239
35300.2	-0.396351
35500.3	-0.399695
35600.3	-0.391115
35700.3	-0.3973
35800.4	-0.39063
35900.4	-0.387048
36000.4	-0.400127
36100.2	-0.389158
36300.3	-0.394334
36400.3	-0.395022
36500.3	-0.389678
36600.4	-0.386302
36700.4	-0.390969
36800.2	-0.393684
36900.3	-0.393264
37000.3	-0.39217
37100.3	-0.401492
37200.3	-0.387854
37400.4	-0.390357
37500.4	-0.39269
37600.2	-0.390708
37700.3	-0.385061
37800.3	-0.392766
37900.3	-0.3811
38000.3	-0.380641
38200.4	-0.385286
38300.4	-0.39535
38400.3	-0.390566
38600.3	-0.380418
38700.3	-0.389365
38800.4	-0.386413
38900.4	-0.377497
39000.4	-0.386446
39100.4	-0.380773
39200.3	-0.388479