1500	1.28595
1700.05	1.28503
1800.08	1.29148
1900.1	1.29244
1999.94	1.29408
2099.96	1.29727
2199.99	1.2969
2300.01	1.29667
2400.04	1.30384
2500.06	1.30447
2600.09	1.31165
2700.11	1.3041
2799.95	1.31209
2899.98	1.31222
3000	1.31857
3200.05	1.31967
3300.08	1.32266
3400.1	1.32781
3499.94	1.32713
3599.97	1.33063
3699.99	1.33446
3800.02	1.33239
3900.04	1.33695
4000.07	1.34013
4100.09	1.34445
4299.95	1.3492
4399.98	1.35085
4500	1.34896
4600.03	1.35667
4700.05	1.35621
4800.08	1.36296
4900.1	1.3621
5099.97	1.3653
5199.99	1.36966
5300.02	1.3686
5400.04	1.37723
5500.07	1.37633
5600.09	1.3811
5700.12	1.38102
5899.98	1.39089
6000	1.38406
6100.03	1.38899
6300.08	1.39259
6400.11	1.39365
6500.13	1.39549
6599.97	1.40557
6800.02	1.40329
6900.04	1.40832
7000.07	1.40414
7100.09	1.40648
7200.12	1.41532
7300.14	1.40805
7399.98	1.40824
7600.03	1.42137
7700.06	1.41081
7800.08	1.41954
7900.11	1.42357
8000.13	1.42207
8100.16	1.4251
8199.99	1.42562
8300.02	1.42418
8400.04	1.42628
8500.07	1.43866
8700.12	1.43871
8800.14	1.43069
8900.17	1.43682
9000.01	1.43811
9100.03	1.43878
9200.06	1.43009
9300.08	1.43402
9400.11	1.43895
9500.13	1.43189
9600.16	1.44252
9800.02	1.44438
9900.04	1.44046
10000.1	1.44823
10100.1	1.44128
10200.1	1.44722
10300.1	1.44381
10400.2	1.44674
10600	1.43762
10700.1	1.44812
10800.1	1.44679
11000.1	1.44839
11100.2	1.44636
11200.2	1.44915
11300	1.45424
11400	1.45356
11500.1	1.44043
11600.1	1.4465
11800.1	1.45433
11900.2	1.44049
12000.2	1.4449
12100	1.44004
12200.1	1.44537
12300.1	1.45469
12400.1	1.45185
12600.2	1.44187
12700.2	1.44175
12800	1.45003
12900	1.45251
13000.1	1.45185
13100.1	1.44211
13200.1	1.43793
13300.1	1.4454
13400.2	1.45565
13500.2	1.45158
13700.1	1.45652
13800.1	1.44462
13900.1	1.43895
14000.1	1.43329
14100.2	1.44967
14200.2	1.44743
14300.2	1.4517
14500.1	1.44425
14600.1	1.441
14700.1	1.43893
14800.1	1.44571
14900.2	1.44641
15000.2	1.44033
15100.2	1.43616
15200.1	1.44345
15300.1	1.43813
15400.1	1.43893
15500.1	1.43628
15600.2	1.43785
15700.2	1.43602
15800.2	1.43706
16000.1	1.43422
16100.1	1.43219
16200.1	1.43072
16300.1	1.43041
16400.2	1.43198
16500.2	1.43286
16600.2	1.42895
16800.1	1.42764
16900.1	1.43317
17000.1	1.43652
17200.2	1.43316
17300.2	1.43182
17400.2	1.42231
17500.1	1.43394
17700.1	1.43402
17800.2	1.42518
17900.2	1.42701
18000.2	1.4332
18100.2	1.42545
18200.3	1.42218
18300.1	1.42199
18500.1	1.42145
18600.2	1.4225
18700.2	1.42553
18800.2	1.43068
18900.2	1.41139
19000.1	1.42797
19100.1	1.41389
19200.1	1.42232
19300.2	1.41873
19400.2	1.41641
19500.2	1.42174
19600.2	1.42612
19700.3	1.4241
19800.1	1.41283
19900.1	1.41761
20000.1	1.41673
20100.2	1.41095
20200.2	1.41245
20300.2	1.41663
20400.2	1.41483
20500.3	1.41753
20600.1	1.40579
20700.1	1.41237
20800.2	1.42335
21000.2	1.41817
21100.2	1.4092
21200.3	1.4237
21300.3	1.41245
21400.1	1.39808
21500.1	1.40498
21600.2	1.40691
21800.2	1.40598
21900.2	1.41259
22000.3	1.40909
22100.1	1.41144
22200.1	1.40518
22300.2	1.40468
22400.2	1.40679
22600.2	1.40671
22700.3	1.40517
22800.3	1.40398
22900.1	1.40212
23000.1	1.40352
23100.2	1.39639
23200.2	1.40248
23300.2	1.40218
23400.2	1.39967
23500.3	1.40174
23700.1	1.40231
23800.2	1.40037
23900.2	1.40222
24100.2	1.39957
24200.3	1.40101
24300.3	1.3955
24400.3	1.38799
24500.1	1.4025
24600.2	1.4005
24700.2	1.39736
24900.2	1.39868
25000.3	1.4096
25100.3	1.39613
25200.1	1.39258
25300.2	1.39453
25400.2	1.39311
25500.2	1.39543
25700.3	1.40027
25800.3	1.39603
25900.3	1.38809
26000.1	1.38517
26100.2	1.38668
26200.2	1.40289
26300.2	1.38999
26400.2	1.39083
26500.3	1.39334
26600.3	1.389
26700.3	1.3899
26800.2	1.39095
26900.2	1.39575
27000.2	1.39294
27100.2	1.38402
27200.3	1.38445
27300.3	1.39313
27500.3	1.39236
27600.2	1.3881
27700.2	1.39491
27800.2	1.38797
27900.2	1.38261
28000.3	1.38427
28100.3	1.39536
28300.2	1.38114
28400.2	1.38937
28500.2	1.38795
28600.2	1.38579
28700.3	1.38664
28800.3	1.38803
28900.3	1.38662
29100.2	1.38657
29200.2	1.37971
29300.2	1.38424
29400.2	1.3843
29500.3	1.3811
29600.3	1.38327
29700.3	1.38017
29800.3	1.37583
29900.2	1.38122
30000.2	1.37934
30200.3	1.38352
30300.3	1.38689
30400.3	1.38558
30500.3	1.37627
30600.2	1.38186
30700.2	1.38171
30800.2	1.3807
31000.3	1.3805
31100.3	1.38544
31200.3	1.38287
31300.3	1.37419
31400.2	1.3827
31500.2	1.37934
31600.2	1.38704
31700.3	1.37915
31800.3	1.38158
31900.3	1.38227
32100.4	1.38128
32200.2	1.3822
32300.2	1.38033
32400.3	1.38142
32500.3	1.38884
32600.3	1.37408
32700.3	1.37234
32900.4	1.37604
33000.2	1.37933
33100.2	1.37687
33300.3	1.37454
33400.3	1.38375
33500.3	1.37552
33600.4	1.37872
33700.2	1.37225
33800.2	1.37028
33900.3	1.36903
34000.3	1.38627
34100.3	1.37828
34200.3	1.38111
34300.4	1.37087
34400.4	1.3708
34500.2	1.37688
34600.2	1.37626
34700.3	1.37377
34800.3	1.38159
34900.3	1.3737
35100.4	1.37974
35200.4	1.36537
35300.2	1.37397
35500.3	1.37011
35600.3	1.37829
35700.3	1.37172
35800.4	1.37821
35900.4	1.38146
36000.4	1.36794
36100.2	1.37865
36300.3	1.37262
36400.3	1.37153
36500.3	1.3765
36600.4	1.37956
36700.4	1.37452
36800.2	1.37139
36900.3	1.37136
37000.3	1.37202
37100.3	1.3622
37200.3	1.37544
37400.4	1.37203
37500.4	1.3692
37600.2	1.37075
37700.3	1.37588
37800.3	1.36756
37900.3	1.37887
38000.3	1.37895
38200.4	1.37315
38300.4	1.36254
38400.3	1.36701
38600.3	1.37593
38700.3	1.36639
38800.4	1.36884
38900.4	1.37732
39000.4	1.3678
39100.4	1.37279
39200.3	1.36442