1500	2.51345
1700.05	2.47821
1800.08	2.46731
1900.1	2.45101
1999.94	-3.8479
2099.96	-3.86203
2199.99	-3.8797
2300.02	2.38598
2400.04	2.37594
2500.07	2.35932
2600.09	2.34972
2700.12	2.32519
2799.95	-3.96668
2899.98	-3.98318
3000	2.28974
3200.05	2.25816
3300.08	2.24497
3400.1	2.23404
3499.94	-4.06555
3599.97	-4.07795
3699.99	-4.08964
3800.01	2.17603
3900.04	2.16519
4000.07	2.15317
4100.09	2.14239
4299.95	-4.1656
4399.98	-4.17872
4500	2.08815
4600.03	2.08158
4700.05	2.06689
4800.08	2.05961
4900.1	2.04492
5099.97	-4.26243
5199.99	-4.27156
5300.02	1.99721
5400.04	1.99275
5500.07	1.97883
5600.09	1.97063
5700.12	1.95766
5899.98	-4.34061
6000	1.92334
6100.03	1.91607
6300.08	1.89557
6400.1	1.88489
6500.13	1.87479
6599.97	-4.40977
6800.02	1.84825
6900.04	1.84213
7000.07	1.82681
7100.09	1.8181
7200.12	1.81601
7300.14	1.79807
7399.98	-4.4957
7600.03	1.77963
7700.05	1.75892
7800.08	1.7574
7900.11	1.75129
8000.13	1.73974
8100.16	1.73286
8199.99	-4.55969
8300.02	1.71248
8400.04	1.70489
8500.07	1.70783
8700.12	1.68915
8800.14	1.67188
8900.17	1.66885
9000.01	1.66115
9100.03	1.65291
9200.06	1.6354
9300.08	1.63045
9400.11	1.6267
9500.13	1.61118
9600.16	1.61322
9800.02	1.59838
9900.04	1.58616
10000.1	1.58579
10100.1	1.57058
10200.1	1.56858
10300.1	1.55727
10400.2	1.55232
10600	1.52774
10700.1	1.53048
10800.1	1.52168
11000.1	1.50839
11100.2	1.49898
11200.2	1.49448
11300	1.49228
11400	1.48463
11500.1	1.46431
11600.1	1.46349
11800.1	1.45747
11900.2	1.43674
12000.2	1.43444
12100	1.42296
12200.1	1.4217
12300.1	1.42438
12400.1	1.41496
12600.2	1.39225
12700.2	1.38576
12800	1.38773
12900	1.38403
13000.1	1.37729
13100.1	1.36132
13200.1	1.35113
13300.1	1.35269
13400.2	1.3569
13500.2	1.34695
13700.1	1.3401
13800.1	1.32263
13900.1	1.3113
14000.1	1.30001
14100.2	1.31077
14200.2	1.30308
14300.2	1.30174
14500.1	1.28361
14600.1	1.27491
14700.1	1.26745
14800.1	1.26913
14900.2	1.26461
15000.2	1.25318
15100.2	1.24399
15200.1	1.24625
15300.1	1.23595
15400.1	1.23169
15500.1	1.22414
15600.2	1.22088
15700.2	1.21414
15800.2	1.21032
16000.1	1.19802
16100.1	1.19123
16200.1	1.18515
16300.1	1.18017
16400.2	1.17723
16500.2	1.17353
16600.2	1.16518
16800.1	1.15498
16900.1	1.15615
17000.1	1.15507
17200.2	1.14317
17300.2	1.13753
17400.2	1.12376
17500.1	1.13126
17700.1	1.12313
17800.2	1.11022
17900.2	1.10802
18000.2	1.11013
18100.2	1.09843
18200.3	1.09124
18300.1	1.08714
18500.1	1.07884
18600.2	1.07613
18700.2	1.07536
18800.2	1.07682
18900.2	1.05385
19000.1	1.06662
19100.1	1.04887
19200.1	1.05368
19300.2	1.04653
19400.2	1.04059
19500.2	1.04238
19600.2	1.04334
19700.3	1.03777
19800.1	1.02306
19900.1	1.02439
20000.1	1.02015
20100.2	1.0109
20200.2	1.00913
20300.2	1.00997
20400.2	1.00481
20500.3	1.00434
20600.1	0.989225
20700.1	0.992639
20800.2	1.00044
21000.2	0.988929
21100.2	0.976784
21200.3	0.988225
21300.3	0.974024
21400.1	0.956554
21500.1	0.960413
21600.2	0.959351
21800.2	0.952475
21900.2	0.956156
22000.3	0.94978
22100.1	0.949198
22200.1	0.940101
22300.2	0.936645
22400.2	0.936065
22600.2	0.930455
22700.3	0.926032
22800.3	0.922283
22900.1	0.917644
23000.1	0.916363
23100.2	0.906575
23200.2	0.909942
23300.2	0.907023
23400.2	0.901927
23500.3	0.901392
23700.1	0.896842
23800.2	0.892458
23900.2	0.891743
24100.2	0.884088
24200.3	0.883121
24300.3	0.87519
24400.3	0.865319
24500.1	0.877378
24600.2	0.873047
24700.2	0.867498
24900.2	0.864142
25000.3	0.872889
25100.3	0.857049
25200.1	0.851087
25300.2	0.850844
25400.2	0.847149
25500.2	0.847273
25700.3	0.847808
25800.3	0.841341
25900.3	0.831224
26000.1	0.826208
26100.2	0.825577
26200.2	0.839696
26300.2	0.824671
26400.2	0.823388
26500.3	0.823905
26600.3	0.817533
26700.3	0.816364
26800.2	0.815375
26900.2	0.818313
27000.2	0.813534
27100.2	0.802622
27200.3	0.801098
27300.3	0.807873
27500.3	0.803175
27600.2	0.797056
27700.2	0.801991
27800.2	0.793154
27900.2	0.785972
28000.3	0.785806
28100.3	0.795012
28300.2	0.777287
28400.2	0.783708
28500.2	0.780545
28600.2	0.776574
28700.3	0.775641
28800.3	0.775406
28900.3	0.772324
29100.2	0.768727
29200.2	0.760175
29300.2	0.763099
29400.2	0.76151
29500.3	0.756687
29600.3	0.757045
29700.3	0.752521
29800.3	0.746625
29900.2	0.750276
30000.2	0.747065
30200.3	0.747881
30300.3	0.749715
30400.3	0.746971
30500.3	0.735926
30600.2	0.740033
30700.2	0.73854
30800.2	0.73595
31000.3	0.732779
31100.3	0.736242
31200.3	0.732276
31300.3	0.722032
31400.2	0.729329
31500.2	0.724481
31600.2	0.730816
31700.3	0.721543
31800.3	0.722539
31900.3	0.721883
32100.4	0.718116
32200.2	0.717727
32300.2	0.71459
32400.2	0.714343
32500.3	0.720447
32600.3	0.704434
32700.3	0.701334
32900.4	0.702464
33000.2	0.704428
33100.2	0.700702
33300.3	0.695923
33400.3	0.703924
33500.3	0.694565
33600.4	0.696538
33700.2	0.688744
33800.2	0.685653
33900.3	0.683237
34000.3	0.699296
34100.3	0.690115
34200.3	0.691853
34300.4	0.680342
34400.4	0.679228
34500.2	0.684223
34600.2	0.682434
34700.3	0.678893
34800.3	0.685589
34900.3	0.676587
35100.4	0.680444
35200.4	0.664909
35300.2	0.672622
35500.3	0.66663
35600.3	0.673778
35700.3	0.66624
35800.4	0.671631
35900.4	0.673844
36000.4	0.659365
36100.2	0.669098
36300.3	0.661011
36400.3	0.659091
36500.3	0.663105
36600.4	0.665038
36700.4	0.65894
36800.2	0.655019
36900.3	0.654061
37000.3	0.653873
37100.3	0.643172
37200.3	0.6554
37400.4	0.65023
37500.4	0.646328
37600.2	0.647152
37700.3	0.651412
37800.3	0.642257
37900.3	0.652616
38000.3	0.651813
38200.4	0.644312
38300.4	0.632841
38400.3	0.636481
38600.3	0.643815
38700.3	0.633438
38800.4	0.635107
38900.4	0.642771
39000.4	0.632487
39100.4	0.636657
39200.3	0.627636