0	2.06243
4.00E-06	2.33403
8.00E-06	2.34321
1.20E-05	2.3495
1.60E-05	2.3503
2.00E-05	2.35417
2.40E-05	2.35578
2.80E-05	2.35675
3.20E-05	2.35916
3.60E-05	2.35771
4.00E-05	2.36093
4.40E-05	2.35884
4.80E-05	2.3611
5.20E-05	2.3611
5.60E-05	2.36222
6.00E-05	2.36271
6.40E-05	2.36222
6.80E-05	2.36319
7.20E-05	2.36206
7.60E-05	2.36222
8.00E-05	2.36561
8.40E-05	2.36303
8.80E-05	2.36335
9.20E-05	2.36448
9.60E-05	2.36142
1.00E-04	2.36287
0.000104	2.36432
0.000108	2.36351
0.000112	2.36383
0.000116	2.36383
0.00012	2.36609
0.000124	2.36545
0.000128	2.36432
0.000132	2.36577
0.000136	2.36641
0.00014	2.36545
0.000144	2.36545
0.000148	2.36577
0.000152	2.36545
0.000156	2.36931
0.00016	2.3669
0.000164	2.36512
0.000168	2.37253
0.000172	2.36609
0.000176	2.36625
0.00018	2.36657
0.000184	2.36625
0.000188	2.36464
0.000192	2.36561
0.000196	2.36609
0.0002	2.36416
0.000204	2.3669
0.000208	2.36464
0.000212	2.36577
0.000216	2.36641
0.00022	2.36657
0.000224	2.36738
0.000228	2.36609
0.000232	2.3648
0.000236	2.36335
0.00024	2.36673
0.000244	2.36722
0.000248	2.36561
0.000252	2.36577
0.000256	2.36786
0.00026	2.36722
0.000264	2.36625
0.000268	2.36383
0.000272	2.36545
0.000276	2.36545
0.00028	2.36802
0.000284	2.3669
0.000288	2.36528
0.000292	2.36786
0.000296	2.36947
0.0003	2.36754
0.000304	2.36383
0.000308	2.37141
0.000312	2.3669
0.000316	2.36834
0.00032	2.36786
0.000324	2.36738
0.000328	2.36593
0.000332	2.36528
0.000336	2.36931
0.00034	2.36754
0.000344	2.3677
0.000348	2.36738
0.000352	2.36915
0.000356	2.36883
0.00036	2.37028
0.000364	2.36706
0.000368	2.36561
0.000372	2.36802
0.000376	2.36979
0.00038	2.36722
0.000384	2.36738
0.000388	2.36722
0.000392	2.36706
0.000396	2.36851
0.0004	2.3677
0.000404	2.36738
0.000408	2.36609
0.000412	2.37157
0.000416	2.36851
0.00042	2.36625
0.000424	2.36818
0.000428	2.36915
0.000432	2.36641
0.000436	2.3669
0.00044	2.37028
0.000444	2.37189
0.000448	2.36641
0.000452	2.36673
0.000456	2.36915
0.00046	2.36625
0.000464	2.36625
0.000468	2.36867
0.000472	2.36657
0.000476	2.36625
0.00048	2.37012
0.000484	2.36754
0.000488	2.36706
0.000492	2.36834
0.000496	2.36786
0.0005	2.36657
0.000504	2.36786
0.000508	2.36786
0.000512	2.36834
0.000516	2.36754
0.00052	2.36947
0.000524	2.36722
0.000528	2.36963
0.000532	2.36851
0.000536	2.36706
0.00054	2.36706
0.000544	2.36947
0.000548	2.36834
0.000552	2.36947
0.000556	2.36851
0.00056	2.36834
0.000564	2.36738
0.000568	2.36738
0.000572	2.36883
0.000576	2.36802
0.00058	2.36593
0.000584	2.36899
0.000588	2.36738
0.000592	2.36851
0.000596	2.36834
0.0006	2.36802
0.000604	2.36722
0.000608	2.36625
0.000612	2.36802
0.000616	2.36883
0.00062	2.36786
0.000624	2.36899
0.000628	2.37012
0.000632	2.37173
0.000636	2.36673
0.00064	2.36706
0.000644	2.36915
0.000648	2.36818
0.000652	2.36818
0.000656	2.36931
0.00066	2.36738
0.000664	2.37012
0.000668	2.36979
0.000672	2.36834
0.000676	2.36963
0.00068	2.36915
0.000684	2.36867
0.000688	2.36706
0.000692	2.36834
0.000696	2.36963
0.0007	2.36867
0.000704	2.3677
0.000708	2.36979
0.000712	2.37092
0.000716	2.36899
0.00072	2.37012
0.000724	2.36673
0.000728	2.36979
0.000732	2.36899
0.000736	2.36915
0.00074	2.36931
0.000744	2.36722
0.000748	2.36834
0.000752	2.36867
0.000756	2.36786
0.00076	2.36931
0.000764	2.37189
0.000768	2.3677
0.000772	2.36673
0.000776	2.36947
0.00078	2.37076
0.000784	2.36657
0.000788	2.36851
0.000792	2.36834
0.000796	2.36641
0.0008	2.36899
0.000804	2.37012
0.000808	2.37012
0.000812	2.36899
0.000816	2.36979
0.00082	2.36867
0.000824	2.36899
0.000828	2.36851
0.000832	2.36883
0.000836	2.36738
0.00084	2.36931
0.000844	2.36706
0.000848	2.36915
0.000852	2.37044
0.000856	2.36867
0.00086	2.36867
0.000864	2.37028
0.000868	2.36947
0.000872	2.36899
0.000876	2.37012
0.00088	2.36915
0.000884	2.36947
0.000888	2.36738
0.000892	2.36834
0.000896	2.3706
0.0009	2.36673
0.000904	2.364
0.000908	2.36899
0.000912	2.36931
0.000916	2.37028
0.00092	2.36963
0.000924	2.37108
0.000928	2.36641
0.000932	2.36996
0.000936	2.36915
0.00094	2.36899
0.000944	2.36883
0.000948	2.37044
0.000952	2.36963
0.000956	2.36867
0.00096	2.37157
0.000964	2.37205
0.000968	2.36834
0.000972	2.37028
0.000976	2.37141
0.00098	2.36899
0.000984	2.36867
0.000988	2.37108
0.000992	2.37076
0.000996	2.3706
0.001	2.36802
0.001004	2.36996
0.001008	2.36883
0.001012	2.3677
0.001016	2.36754
0.00102	2.37092
0.001024	2.36883
0.001028	2.36851
0.001032	2.36915
0.001036	2.36738
0.00104	2.37141
0.001044	2.37253
0.001048	2.36915
0.001052	2.37076
0.001056	2.37173
0.00106	2.36996
0.001064	2.37012
0.001068	2.3706
0.001072	2.36963
0.001076	2.37269
0.00108	2.37012
0.001084	2.37012
0.001088	2.36754
0.001092	2.36947
0.001096	2.36947
0.0011	2.37076
0.001104	2.3735
0.001108	2.36979
0.001112	2.36963
0.001116	2.36883
0.00112	2.36963
0.001124	2.37124
0.001128	2.37108
0.001132	2.36915
0.001136	2.37092
0.00114	2.3706
0.001144	2.36963
0.001148	2.37076
0.001152	2.37012
0.001156	2.36963
0.00116	2.37108
0.001164	2.37108
0.001168	2.36963
0.001172	2.3706
0.001176	2.37543
0.00118	2.37044
0.001184	2.36899
0.001188	2.36834
0.001192	2.37108
0.001196	2.37237
0.0012	2.37108
0.001204	2.36996
0.001208	2.37044
0.001212	2.36818
0.001216	2.37221
0.00122	2.37012
0.001224	2.36979
0.001228	2.36931
0.001232	2.36931
0.001236	2.36754
0.00124	2.36883
0.001244	2.37189
0.001248	2.36899
0.001252	2.36818
0.001256	2.36979
0.00126	2.37141
0.001264	2.37076
0.001268	2.36979
0.001272	2.37173
0.001276	2.37221
0.00128	2.36834
0.001284	2.37124
0.001288	2.37076
0.001292	2.36834
0.001296	2.37141
0.0013	2.37028
0.001304	2.36915
0.001308	2.36979
0.001312	2.37302
0.001316	2.37189
0.00132	2.36802
0.001324	2.37157
0.001328	2.36867
0.001332	2.36706
0.001336	2.36818
0.00134	2.37028
0.001344	2.37012
0.001348	2.3706
0.001352	2.36947
0.001356	2.36786
0.00136	2.37108
0.001364	2.37124
0.001368	2.36996
0.001372	2.36754
0.001376	2.37092
0.00138	2.37124
0.001384	2.3706
0.001388	2.36834
0.001392	2.37108
0.001396	2.3706
0.0014	2.37108
0.001404	2.37237
0.001408	2.37108
0.001412	2.36834
0.001416	2.37124
0.00142	2.37221
0.001424	2.36915
0.001428	2.37092
0.001432	2.37028
0.001436	2.37076
0.00144	2.3677
0.001444	2.37108
0.001448	2.37221
0.001452	2.36947
0.001456	2.37221
0.00146	2.37205
0.001464	2.37141
0.001468	2.37189
0.001472	2.37173
0.001476	2.3677
0.00148	2.37044
0.001484	2.37124
0.001488	2.37044
0.001492	2.3735
0.001496	2.37237
0.0015	2.37173
0.001504	2.36738
0.001508	2.36947
0.001512	2.37253
0.001516	2.37286
0.00152	2.37076
0.001524	2.37237
0.001528	2.37189
0.001532	2.36915
0.001536	2.36899
0.00154	2.37012
0.001544	2.3706
0.001548	2.37028
0.001552	2.37237
0.001556	2.37108
0.00156	2.37382
0.001564	2.37076
0.001568	2.37141
0.001572	2.37028
0.001576	2.37028
0.00158	2.37286
0.001584	2.37012
0.001588	2.37237
0.001592	2.37141
0.001596	2.36899
0.0016	2.36947
0.001604	2.37157
0.001608	2.36915
0.001612	2.36931
0.001616	2.37253
0.00162	2.37028
0.001624	2.3669
0.001628	2.37044
0.001632	2.3706
0.001636	2.36963
0.00164	2.36979
0.001644	2.37253
0.001648	2.3706
0.001652	2.37124
0.001656	2.37141
0.00166	2.37173
0.001664	2.36818
0.001668	2.37173
0.001672	2.37431
0.001676	2.36915
0.00168	2.37044
0.001684	2.37141
0.001688	2.36947
0.001692	2.37028
0.001696	2.37076
0.0017	2.37205
0.001704	2.36883
0.001708	2.37028
0.001712	2.36786
0.001716	2.37076
0.00172	2.37012
0.001724	2.37092
0.001728	2.3706
0.001732	2.36996
0.001736	2.37205
0.00174	2.3706
0.001744	2.37044
0.001748	2.37189
0.001752	2.37173
0.001756	2.36979
0.00176	2.37237
0.001764	2.36996
0.001768	2.36931
0.001772	2.36722
0.001776	2.37318
0.00178	2.37269
0.001784	2.36786
0.001788	2.37028
0.001792	2.37076
0.001796	2.37092
0.0018	2.3706
0.001804	2.37286
0.001808	2.3706
0.001812	2.36899
0.001816	2.37205
0.00182	2.37141
0.001824	2.37141
0.001828	2.37141
0.001832	2.36883
0.001836	2.37012
0.00184	2.37012
0.001844	2.37334
0.001848	2.36996
0.001852	2.36947
0.001856	2.37237
0.00186	2.3706
0.001864	2.36963
0.001868	2.37092
0.001872	2.37237
0.001876	2.36899
0.00188	2.37157
0.001884	2.37092
0.001888	2.3706
0.001892	2.36947
0.001896	2.37108
0.0019	2.37076
0.001904	2.3706
0.001908	2.37028
0.001912	2.37076
0.001916	2.37108
0.00192	2.37044
0.001924	2.37253
0.001928	2.36899
0.001932	2.36996
0.001936	2.37205
0.00194	2.37286
0.001944	2.36867
0.001948	2.37237
0.001952	2.37076
0.001956	2.37044
0.00196	2.37076
0.001964	2.37108
0.001968	2.37237
0.001972	2.3706
0.001976	2.37189
0.00198	2.37205
0.001984	2.36996
0.001988	2.36963
0.001992	2.37221
0.001996	2.37124
0.002	2.36915
0.002004	2.37253
0.002008	2.37141
0.002012	2.37076
0.002016	2.37108
0.00202	2.36496
0.002024	2.37076
0.002028	2.37318
0.002032	2.3706
0.002036	2.37205
0.00204	2.37108
0.002044	2.37302
0.002048	2.36367
0.002052	2.37044
0.002056	2.37318
0.00206	2.37157
0.002064	2.36915
0.002068	2.37157
0.002072	2.3706
0.002076	2.36899
0.00208	2.37124
0.002084	2.37157
0.002088	2.36915
0.002092	2.37092
0.002096	2.36947
0.0021	2.36963
0.002104	2.36915
0.002108	2.36899
0.002112	2.36963
0.002116	2.36963
0.00212	2.37286
0.002124	2.37398
0.002128	2.36931
0.002132	2.36963
0.002136	2.37141
0.00214	2.37028
0.002144	2.36979
0.002148	2.36931
0.002152	2.37205
0.002156	2.37012
0.00216	2.37028
0.002164	2.37366
0.002168	2.37157
0.002172	2.36899
0.002176	2.37141
0.00218	2.37012
0.002184	2.37012
0.002188	2.37092
0.002192	2.37157
0.002196	2.3648
0.0022	2.36963
0.002204	2.37237
0.002208	2.37044
0.002212	2.37092
0.002216	2.37092
0.00222	2.37286
0.002224	2.36931
0.002228	2.37221
0.002232	2.37189
0.002236	2.36851
0.00224	2.37076
0.002244	2.37286
0.002248	2.37141
0.002252	2.37382
0.002256	2.37253
0.00226	2.37028
0.002264	2.37205
0.002268	2.37076
0.002272	2.37221
0.002276	2.37108
0.00228	2.37141
0.002284	2.36996
0.002288	2.37157
0.002292	2.36979
0.002296	2.37028
0.0023	2.36996
0.002304	2.36867
0.002308	2.37431
0.002312	2.37108
0.002316	2.37302
0.00232	2.37157
0.002324	2.37141
0.002328	2.3706
0.002332	2.36979
0.002336	2.37157
0.00234	2.3735
0.002344	2.3706
0.002348	2.37044
0.002352	2.37124
0.002356	2.36963
0.00236	2.37141
0.002364	2.37124
0.002368	2.37237
0.002372	2.37044
0.002376	2.37044
0.00238	2.37044
0.002384	2.36931
0.002388	2.36883
0.002392	2.37189
0.002396	2.37012
0.0024	2.36963
0.002404	2.37157
0.002408	2.37157
0.002412	2.37205
0.002416	2.36996
0.00242	2.37302
0.002424	2.37108
0.002428	2.36996
0.002432	2.37318
0.002436	2.37044
0.00244	2.36899
0.002444	2.37076
0.002448	2.37221
0.002452	2.37044
0.002456	2.3706
0.00246	2.37157
0.002464	2.37108
0.002468	2.36867
0.002472	2.37173
0.002476	2.37076
0.00248	2.37205
0.002484	2.37173
0.002488	2.37012
0.002492	2.37157
0.002496	2.37237
0.0025	2.37237
0.002504	2.37173
0.002508	2.37092
0.002512	2.37205
0.002516	2.37286
0.00252	2.37286
0.002524	2.37253
0.002528	2.3706
0.002532	2.36915
0.002536	2.37028
0.00254	2.36915
0.002544	2.36851
0.002548	2.36915
0.002552	2.37286
0.002556	2.37157
0.00256	2.37302
0.002564	2.37237
0.002568	2.37382
0.002572	2.37221
0.002576	2.37124
0.00258	2.37205
0.002584	2.37157
0.002588	2.37012
0.002592	2.37012
0.002596	2.36979
0.0026	2.37092
0.002604	2.37012
0.002608	2.37124
0.002612	2.36963
0.002616	2.36996
0.00262	2.37221
0.002624	2.37044
0.002628	2.37334
0.002632	2.37141
0.002636	2.37334
0.00264	2.37012
0.002644	2.37141
0.002648	2.37157
0.002652	2.37108
0.002656	2.37141
0.00266	2.36996
0.002664	2.37237
0.002668	2.37076
0.002672	2.37028
0.002676	2.37012
0.00268	2.37189
0.002684	2.37108
0.002688	2.37012
0.002692	2.36996
0.002696	2.37044
0.0027	2.37189
0.002704	2.3706
0.002708	2.37028
0.002712	2.36899
0.002716	2.36899
0.00272	2.37141
0.002724	2.37157
0.002728	2.37205
0.002732	2.37237
0.002736	2.36963
0.00274	2.37124
0.002744	2.37092
0.002748	2.37124
0.002752	2.37124
0.002756	2.37141
0.00276	2.37431
0.002764	2.37269
0.002768	2.37173
0.002772	2.37366
0.002776	2.37173
0.00278	2.37269
0.002784	2.37447
0.002788	2.37108
0.002792	2.37173
0.002796	2.37124
0.0028	2.37269
0.002804	2.37028
0.002808	2.37076
0.002812	2.37028
0.002816	2.37334
0.00282	2.36996
0.002824	2.37124
0.002828	2.37108
0.002832	2.37269
0.002836	2.36899
0.00284	2.37189
0.002844	2.37157
0.002848	2.37286
0.002852	2.37286
0.002856	2.37318
0.00286	2.37012
0.002864	2.36899
0.002868	2.37253
0.002872	2.37253
0.002876	2.37157
0.00288	2.37382
0.002884	2.36931
0.002888	2.37205
0.002892	2.37012
0.002896	2.37124
0.0029	2.36996
0.002904	2.36883
0.002908	2.37382
0.002912	2.37092
0.002916	2.37189
0.00292	2.37173
0.002924	2.37076
0.002928	2.37108
0.002932	2.37157
0.002936	2.37141
0.00294	2.37044
0.002944	2.37092
0.002948	2.37398
0.002952	2.37076
0.002956	2.37318
0.00296	2.37076
0.002964	2.37237
0.002968	2.37044
0.002972	2.37076
0.002976	2.37108
0.00298	2.37269
0.002984	2.37253
0.002988	2.37157
0.002992	2.37237
0.002996	2.36996
0.003	2.37398
0.003004	2.37189
0.003008	2.37237
0.003012	2.37141
0.003016	2.36899
0.00302	2.37012
0.003024	2.37076
0.003028	2.37173
0.003032	2.37205
0.003036	2.37141
0.00304	2.37253
0.003044	2.37141
0.003048	2.36834
0.003052	2.37205
0.003056	2.37302
0.00306	2.36996
0.003064	2.37189
0.003068	2.37124
0.003072	2.37076
0.003076	2.36851
0.00308	2.37221
0.003084	2.37237
0.003088	2.37366
0.003092	2.37028
0.003096	2.37044
0.0031	2.37221
0.003104	2.3706
0.003108	2.37431
0.003112	2.36979
0.003116	2.37302
0.00312	2.37253
0.003124	2.37173
0.003128	2.37157
0.003132	2.37092
0.003136	2.37205
0.00314	2.37141
0.003144	2.37157
0.003148	2.37334
0.003152	2.37108
0.003156	2.36996
0.00316	2.37157
0.003164	2.37076
0.003168	2.36931
0.003172	2.37076
0.003176	2.37366
0.00318	2.37076
0.003184	2.37189
0.003188	2.37253
0.003192	2.37028
0.003196	2.36931
0.0032	2.37382
0.003204	2.37269
0.003208	2.37076
0.003212	2.37205
0.003216	2.37189
0.00322	2.37028
0.003224	2.37076
0.003228	2.37044
0.003232	2.37173
0.003236	2.36963
0.00324	2.37124
0.003244	2.37302
0.003248	2.37189
0.003252	2.37334
0.003256	2.37189
0.00326	2.37092
0.003264	2.37076
0.003268	2.37253
0.003272	2.37028
0.003276	2.36706
0.00328	2.37124
0.003284	2.37141
0.003288	2.3706
0.003292	2.37124
0.003296	2.37157
0.0033	2.37286
0.003304	2.37141
0.003308	2.37189
0.003312	2.37189
0.003316	2.37237
0.00332	2.37076
0.003324	2.37253
0.003328	2.37189
0.003332	2.36979
0.003336	2.37237
0.00334	2.37205
0.003344	2.37269
0.003348	2.37028
0.003352	2.37108
0.003356	2.37044
0.00336	2.37124
0.003364	2.37205
0.003368	2.37302
0.003372	2.37189
0.003376	2.36963
0.00338	2.37141
0.003384	2.37173
0.003388	2.37141
0.003392	2.37141
0.003396	2.37237
0.0034	2.37205
0.003404	2.37092
0.003408	2.37253
0.003412	2.37431
0.003416	2.37012
0.00342	2.37092
0.003424	2.37141
0.003428	2.37237
0.003432	2.37237
0.003436	2.37221
0.00344	2.37334
0.003444	2.37318
0.003448	2.37302
0.003452	2.37108
0.003456	2.3706
0.00346	2.37318
0.003464	2.37334
0.003468	2.37205
0.003472	2.37044
0.003476	2.37286
0.00348	2.37318
0.003484	2.36996
0.003488	2.37221
0.003492	2.37205
0.003496	2.37253
0.0035	2.37189
0.003504	2.37044
0.003508	2.37189
0.003512	2.36979
0.003516	2.37302
0.00352	2.37205
0.003524	2.36996
0.003528	2.37205
0.003532	2.3706
0.003536	2.37108
0.00354	2.37205
0.003544	2.37012
0.003548	2.37253
0.003552	2.37141
0.003556	2.37141
0.00356	2.37028
0.003564	2.3706
0.003568	2.37269
0.003572	2.37286
0.003576	2.37221
0.00358	2.37044
0.003584	2.37334
0.003588	2.3735
0.003592	2.37092
0.003596	2.37382
0.0036	2.37205
0.003604	2.37012
0.003608	2.37157
0.003612	2.37237
0.003616	2.37237
0.00362	2.37237
0.003624	2.37012
0.003628	2.36867
0.003632	2.37237
0.003636	2.37221
0.00364	2.37044
0.003644	2.37108
0.003648	2.37253
0.003652	2.37012
0.003656	2.37012
0.00366	2.37189
0.003664	2.37028
0.003668	2.37141
0.003672	2.37076
0.003676	2.37044
0.00368	2.37141
0.003684	2.3706
0.003688	2.37124
0.003692	2.37302
0.003696	2.37237
0.0037	2.37334
0.003704	2.37253
0.003708	2.37141
0.003712	2.37221
0.003716	2.37253
0.00372	2.37189
0.003724	2.37092
0.003728	2.37286
0.003732	2.37092
0.003736	2.37092
0.00374	2.37028
0.003744	2.37173
0.003748	2.37237
0.003752	2.37076
0.003756	2.37012
0.00376	2.37044
0.003764	2.37092
0.003768	2.37205
0.003772	2.37189
0.003776	2.36996
0.00378	2.37108
0.003784	2.37253
0.003788	2.37253
0.003792	2.36979
0.003796	2.37124
0.0038	2.37141
0.003804	2.37124
0.003808	2.37237
0.003812	2.37141
0.003816	2.37092
0.00382	2.37269
0.003824	2.37253
0.003828	2.37157
0.003832	2.37092
0.003836	2.37189
0.00384	2.3706
0.003844	2.37124
0.003848	2.37076
0.003852	2.37189
0.003856	2.37141
0.00386	2.36963
0.003864	2.37092
0.003868	2.36915
0.003872	2.37157
0.003876	2.37076
0.00388	2.36979
0.003884	2.3706
0.003888	2.37253
0.003892	2.37157
0.003896	2.36834
0.0039	2.36996
0.003904	2.3706
0.003908	2.37108
0.003912	2.37141
0.003916	2.37205
0.00392	2.37141
0.003924	2.37012
0.003928	2.37382
0.003932	2.37173
0.003936	2.36996
0.00394	2.37205
0.003944	2.37173
0.003948	2.37511
0.003952	2.37141
0.003956	2.37028
0.00396	2.37124
0.003964	2.37044
0.003968	2.37044
0.003972	2.37108
0.003976	2.37124
0.00398	2.37092
0.003984	2.37382
0.003988	2.37398
0.003992	2.37012
0.003996	2.37366
